0.9786599010606617,-0.004746764797146922,-0.6303124194994605,0.1920811823046746,-0.1894062065060565,0.5342979529065227,1.299999511493616,-5.089331020906621e-07,-3.038213460653377e-07,-5.971546934048905e-07,5.98203371460339e-08,0.9999999999854652,-5.35810751452024e-06
1.012319759628983,0.18782143789625078,-1.0936634295036638,0.04447845366677653,-0.06891360295864524,1.2617170565856552,1.2999983104269532,-5.617957949958338e-07,-1.074155518515043e-06,-1.3794081174280666e-07,4.91909431458884e-07,0.9999999999829866,-5.8108503462763155e-06
1.0325621606334188,0.14656118449671982,-1.2800712549723832,0.5790621396229324,0.1881527115409218,2.2206923498177122,1.2999993052417262,-9.041030012958455e-07,-3.327966244869308e-08,3.0152975306858445e-07,1.9063386535993977e-07,0.9999999999867784,-5.129919071189005e-06
1.050623990519648,0.35300943571606713,-1.3229629774018765,-0.5768562310971739,0.1326106197448799,2.704443729688997,1.300000466217851,-8.363324178487483e-08,-6.820366083841661e-07,2.624707542409159e-07,9.93652667941714e-08,0.9999999999893596,-4.604544094226871e-06
1.1010420929673859,0.3861173984610857,-1.21197150186807,-0.718679939225928,0.40233756861863296,3.065263342827488,1.3000016132679777,-8.348174829328151e-07,4.992454139561788e-07,3.422047488724395e-08,3.1401098333967986e-07,0.9999999999864939,-5.187708951367495e-06
1.0169319179979122,0.4623264148103208,-1.342311958955029,-0.6710194213548014,0.09381227960479109,1.8479460704482538,1.2999967923303786,-6.3433963787271535e-06,5.957189154666076e-06,-6.490273404486894e-07,-1.9109572692461837e-06,0.9999999999645163,-8.178895873967216e-06
1.0288035324869202,0.48051483242775667,-1.5377685737480553,-0.10558951060458373,0.22856868875303585,2.0999330082907113,1.2999996147429862,2.8618622730583505e-09,-6.56504654175815e-07,3.9272531054107944e-07,-7.00835938073343e-07,0.9999999999942865,-3.2835425366853006e-06
1.2095887485915404,0.5129829382296902,-1.5680808438302902,0.27970206081651877,0.7573222017166583,1.9161568286942228,1.2999989232146927,5.96458306168819e-07,-6.815896823019673e-07,-2.980997299230771e-08,8.093413215503778e-07,0.9999999999934935,-3.515219952570763e-06
1.1911762446566023,0.5959727678575388,-1.4672013310556846,-0.29191232950479445,0.7606831787456826,2.372721934612472,1.299999770352691,5.7716187179593645e-08,-4.85123302427311e-07,6.927222141128864e-07,4.41736853527123e-07,0.9999999999938396,-3.41258132729911e-06
1.2345641107683183,0.7886413534255374,-1.5979411684007947,-0.35142659102646745,0.9066217917250096,2.17008935085832,1.299999893240899,8.669259178701237e-09,-9.26011682712142e-07,5.779201743161528e-07,1.100820651376126e-07,0.9999999999915795,-4.061375097398881e-06
1.3934625184485212,0.743886348862792,-1.3872687004996902,-0.6225419181188767,1.5357044763244427,3.1656601396949857,1.3000010464600638,1.0462384399172027e-07,-4.813738505484085e-07,-7.923768697154873e-08,-1.1902161328051378e-07,0.9999999999888785,-4.714075685868185e-06
1.5875057749384964,0.4982255773032676,-1.499232470450045,0.27420318090446893,1.846325397534222,2.0496072429615526,1.3000013675410798,3.7538294552077376e-07,-1.4813055724497423e-06,-3.3497922258526026e-07,-3.2673234271856165e-07,0.9999999999825139,-5.8951758990107826e-06
1.44998495086511,0.46972024582535743,-1.7034277541853111,0.7322235360920017,1.4214264118426632,2.045306237374668,1.2999996861364305,-9.323615014546498e-07,-3.1564832961907634e-07,8.293550570814864e-07,-4.873611174020243e-08,0.9999999999944689,-3.2205459418519762e-06
1.5149069788883556,0.11532038082503025,-1.2952772870180165,0.9949930368875327,1.7943345534454798,2.7438041086016445,1.3000013182176748,-6.698485279021234e-07,2.4414503221930107e-07,-4.4732931669643905e-09,-3.6579100729701565e-07,0.9999999999904794,-4.348270427118095e-06
1.7447385658240855,0.11714106826342777,-1.0978094522974644,0.4865393535487204,2.511751594921139,2.725536110300273,1.2999979502435741,-1.041089009491193e-06,6.645424478948927e-06,-9.20638467230446e-07,-5.9466263155413004e-06,0.9999999998759377,-1.4557284878818163e-05
1.823545766228681,0.017798782188734402,-0.7696872995672943,-1.2039653870432232,3.2,1.907240552222121,1.2999984139993932,5.60496958724635e-06,9.50049806339592e-06,6.218329754613499e-06,-1.17857572257698e-06,0.9999999999384745,-9.110112055782619e-06
1.7852978667163293,0.447273002102425,-1.1426383720790965,-0.6663625533359984,2.4182692840662896,2.1893021100595216,1.3000016874753695,-5.0563110206573e-07,4.328262683181726e-07,-1.8980510200391043e-07,5.480525106777412e-07,0.9999999999878317,-4.898983029257731e-06
1.6563976419354065,0.5695841025176136,-0.9813030938809522,-1.1291582757687522,2.0399144954131363,2.4476225462983026,1.3000005602033942,5.949802237277666e-07,2.984547555701951e-07,6.096832479793992e-07,1.361102199489299e-07,0.9999999999919494,-3.963688034979129e-06
1.1805427368219237,0.44293726503703384,-1.5245930046967986,-1.6999736715927944,-0.8114324477813082,2.6815688603966663,1.299998777192441,-9.353084669049499e-07,-9.896428597932476e-07,4.4296156877331653e-07,2.955283161402722e-07,0.9999999999931093,-3.6739623759526536e-06
1.135209388215452,0.29014212565778974,-1.5391451053013072,-1.5005416335398651,-1.0682235882564792,1.3301458842811902,1.3000020018018825,9.80429012451309e-07,-3.4845193739285744e-07,1.4519491428949035e-07,-3.198173751579444e-07,0.9999999999800331,-6.309550928691726e-06
1.1695595084340102,0.2074313495377378,-1.3815958664701122,-1.1826225853958214,-0.8100578327917917,2.5415836426097536,1.2999999222349332,-1.0298970506925436e-06,2.2601754219968117e-07,7.65352302386931e-08,-2.3821326129386226e-07,0.9999999999916301,-4.083765975317565e-06
1.1052536740646095,0.038299388268796544,-0.9812533832171579,-0.7351645446443142,-0.31911492485531595,2.6609721558162334,1.2999981936755771,7.848942847501128e-07,-5.782124918003254e-07,-3.760164192192386e-07,1.086928104471105e-08,0.9999999999840976,-5.626995819144309e-06
1.0439187460182913,0.0037971674383538647,-1.0932039940476117,-0.47176178081410886,-0.3621206352393387,2.7985390354136164,1.2999998295145363,-1.0936309083422529e-06,-3.0809654228452474e-07,6.204744444147378e-08,-2.6299773720427254e-07,0.9999999999868585,-5.119562873096323e-06
1.3243855568830367,0.0015243532106122817,-1.1540009874319266,-1.1335981436891298,-1.3589287567527013,2.0734583043849146,1.300000774325548,3.364882557860475e-08,8.631095671849521e-07,4.056410026670095e-07,5.238669739246405e-07,0.9999999999931025,-3.654566631710029e-06
1.2240410540592268,-0.011409346675578039,-1.1976836765791286,-1.2944664665256758,-1.2707092123994437,0.925441333274517,1.3000011113977308,-5.943984440723337e-07,-2.789773007994043e-08,7.516368555082739e-07,-6.526525826987291e-07,0.9999999999903303,-4.283494951436129e-06
1.2628173610193378,0.07352391038835406,-1.3246327031547387,-1.5413247639411036,-1.0313831963023625,-0.6897325327518085,1.2999994704162205,5.933310616386135e-07,2.206045748114486e-07,5.755868739136258e-07,-3.5851233974191347e-07,0.9999999999878698,-4.878589065324259e-06
1.378341443388551,0.1306847814664783,-1.4281992438698468,-1.5368558972069297,-1.2459173979399105,-1.0422673476822741,1.3000020800958798,-5.441954206647224e-07,8.430197008410124e-07,1.3826879319764245e-07,-2.871610848701808e-07,0.9999999999866996,-5.1477295587837695e-06
1.2165359884307831,-0.05864062624450069,-1.1338166196416475,-1.1449642577328394,-0.7688641363092458,-1.8545653575562133,1.2999994775064805,1.7000626906250697e-06,-1.7312921145407728e-07,-6.989506332918344e-07,-7.150908740978906e-07,0.9999999999913852,-4.028580236430882e-06
1.246456064473218,0.0021956015631857317,-1.3546275527772456,-0.9054524754784271,-0.9580182560327544,-2.7625641439028628,1.2999997784165052,4.602787098380129e-08,4.355800351801404e-07,-4.0605935735376397e-07,-1.6819252467144728e-07,0.999999999985927,-5.287025146995032e-06
1.1601686857308047,0.189904206533768,-1.3680952012015435,-1.1380054133064454,-0.6734743501289184,-3.1954923253869043,1.3000066857680397,-4.737635722458476e-06,-2.822767451548696e-06,-2.3673627679373577e-06,2.5237772526569934e-06,0.9999999999210593,-1.207921447032718e-05
